d <-  c(1,2,3,4,5,6,7,8,9,9,0)
x <- c (1,23,4,5,6,7,7,7,7,8,8)
data <- data.frame(d,x)
vector <- c(1,1,1,1,1,1,11,1)

